version,1.4.0
info,team,Australia
info,team,West Indies
info,gender,male
info,season,2006/07
info,date,2006/09/24
info,competition,DLF Cup
info,venue,Kinrara Academy Oval
info,city,Kuala Lumpur
info,neutralvenue,true
info,toss_winner,Australia
info,toss_decision,bat
info,player_of_match,B Lee
info,umpire,Asad Rauf
info,umpire,MR Benson
info,reserve_umpire,Sarika Prasad
info,tv_umpire,AL Hill
info,match_referee,BC Broad
info,winner,Australia
info,winner_runs,127
ball,1,0.1,Australia,SR Watson,SM Katich,IDR Bradshaw,0,0,,,,,,"",""
ball,1,0.2,Australia,SR Watson,SM Katich,IDR Bradshaw,0,0,,,,,,"",""
ball,1,0.3,Australia,SR Watson,SM Katich,IDR Bradshaw,0,0,,,,,,"",""
ball,1,0.4,Australia,SR Watson,SM Katich,IDR Bradshaw,0,0,,,,,,"",""
ball,1,0.5,Australia,SR Watson,SM Katich,IDR Bradshaw,0,0,,,,,,"",""
ball,1,0.6,Australia,SR Watson,SM Katich,IDR Bradshaw,0,0,,,,,,"",""
ball,1,1.1,Australia,SM Katich,SR Watson,DR Smith,0,1,,,,1,,"",""
ball,1,1.2,Australia,SR Watson,SM Katich,DR Smith,0,0,,,,,,"",""
ball,1,1.3,Australia,SR Watson,SM Katich,DR Smith,0,0,,,,,,"",""
ball,1,1.4,Australia,SR Watson,SM Katich,DR Smith,1,0,,,,,,"",""
ball,1,1.5,Australia,SM Katich,SR Watson,DR Smith,0,0,,,,,,"",""
ball,1,1.6,Australia,SM Katich,SR Watson,DR Smith,0,0,,,,,,"",""
ball,1,2.1,Australia,SR Watson,SM Katich,IDR Bradshaw,2,0,,,,,,"",""
ball,1,2.2,Australia,SR Watson,SM Katich,IDR Bradshaw,1,0,,,,,,"",""
ball,1,2.3,Australia,SM Katich,SR Watson,IDR Bradshaw,0,0,,,,,,"",""
ball,1,2.4,Australia,SM Katich,SR Watson,IDR Bradshaw,0,0,,,,,,"",""
ball,1,2.5,Australia,SM Katich,SR Watson,IDR Bradshaw,0,0,,,,,,"",""
ball,1,2.6,Australia,SM Katich,SR Watson,IDR Bradshaw,0,0,,,,,,"",""
ball,1,3.1,Australia,SR Watson,SM Katich,DR Smith,0,0,,,,,,"",""
ball,1,3.2,Australia,SR Watson,SM Katich,DR Smith,0,0,,,,,,"",""
ball,1,3.3,Australia,SR Watson,SM Katich,DR Smith,0,0,,,,,,"",""
ball,1,3.4,Australia,SR Watson,SM Katich,DR Smith,0,0,,,,,,"",""
ball,1,3.5,Australia,SR Watson,SM Katich,DR Smith,0,0,,,,,,"",""
ball,1,3.6,Australia,SR Watson,SM Katich,DR Smith,4,0,,,,,,"",""
ball,1,4.1,Australia,SM Katich,SR Watson,IDR Bradshaw,0,0,,,,,,"",""
ball,1,4.2,Australia,SM Katich,SR Watson,IDR Bradshaw,0,0,,,,,,"",""
ball,1,4.3,Australia,SM Katich,SR Watson,IDR Bradshaw,0,0,,,,,,"",""
ball,1,4.4,Australia,SM Katich,SR Watson,IDR Bradshaw,0,0,,,,,,"",""
ball,1,4.5,Australia,SM Katich,SR Watson,IDR Bradshaw,1,0,,,,,,"",""
ball,1,4.6,Australia,SR Watson,SM Katich,IDR Bradshaw,0,1,1,,,,,"",""
ball,1,4.7,Australia,SR Watson,SM Katich,IDR Bradshaw,0,0,,,,,,"",""
ball,1,5.1,Australia,SM Katich,SR Watson,DR Smith,0,1,,,,1,,"",""
ball,1,5.2,Australia,SR Watson,SM Katich,DR Smith,4,0,,,,,,"",""
ball,1,5.3,Australia,SR Watson,SM Katich,DR Smith,0,0,,,,,,"",""
ball,1,5.4,Australia,SR Watson,SM Katich,DR Smith,4,0,,,,,,"",""
ball,1,5.5,Australia,SR Watson,SM Katich,DR Smith,1,1,,1,,,,"",""
ball,1,5.6,Australia,SM Katich,SR Watson,DR Smith,0,0,,,,,,"",""
ball,1,5.7,Australia,SM Katich,SR Watson,DR Smith,0,0,,,,,,"",""
ball,1,6.1,Australia,SR Watson,SM Katich,IDR Bradshaw,0,0,,,,,,"",""
ball,1,6.2,Australia,SR Watson,SM Katich,IDR Bradshaw,1,0,,,,,,"",""
ball,1,6.3,Australia,SM Katich,SR Watson,IDR Bradshaw,1,0,,,,,,"",""
ball,1,6.4,Australia,SR Watson,SM Katich,IDR Bradshaw,0,0,,,,,,"",""
ball,1,6.5,Australia,SR Watson,SM Katich,IDR Bradshaw,0,0,,,,,,"",""
ball,1,6.6,Australia,SR Watson,SM Katich,IDR Bradshaw,0,0,,,,,,caught,SR Watson
ball,1,7.1,Australia,SM Katich,RT Ponting,DR Smith,0,0,,,,,,"",""
ball,1,7.2,Australia,SM Katich,RT Ponting,DR Smith,0,0,,,,,,"",""
ball,1,7.3,Australia,SM Katich,RT Ponting,DR Smith,0,0,,,,,,"",""
ball,1,7.4,Australia,SM Katich,RT Ponting,DR Smith,0,0,,,,,,"",""
ball,1,7.5,Australia,SM Katich,RT Ponting,DR Smith,0,0,,,,,,"",""
ball,1,7.6,Australia,SM Katich,RT Ponting,DR Smith,0,0,,,,,,"",""
ball,1,8.1,Australia,RT Ponting,SM Katich,IDR Bradshaw,0,0,,,,,,"",""
ball,1,8.2,Australia,RT Ponting,SM Katich,IDR Bradshaw,0,1,,,,1,,"",""
ball,1,8.3,Australia,SM Katich,RT Ponting,IDR Bradshaw,0,0,,,,,,"",""
ball,1,8.4,Australia,SM Katich,RT Ponting,IDR Bradshaw,0,0,,,,,,"",""
ball,1,8.5,Australia,SM Katich,RT Ponting,IDR Bradshaw,0,0,,,,,,"",""
ball,1,8.6,Australia,SM Katich,RT Ponting,IDR Bradshaw,0,0,,,,,,"",""
ball,1,9.1,Australia,RT Ponting,SM Katich,DR Smith,0,0,,,,,,"",""
ball,1,9.2,Australia,RT Ponting,SM Katich,DR Smith,0,0,,,,,,"",""
ball,1,9.3,Australia,RT Ponting,SM Katich,DR Smith,1,0,,,,,,"",""
ball,1,9.4,Australia,SM Katich,RT Ponting,DR Smith,1,0,,,,,,"",""
ball,1,9.5,Australia,RT Ponting,SM Katich,DR Smith,3,0,,,,,,"",""
ball,1,9.6,Australia,SM Katich,RT Ponting,DR Smith,1,0,,,,,,"",""
ball,1,10.1,Australia,SM Katich,RT Ponting,IDR Bradshaw,0,0,,,,,,"",""
ball,1,10.2,Australia,SM Katich,RT Ponting,IDR Bradshaw,0,0,,,,,,"",""
ball,1,10.3,Australia,SM Katich,RT Ponting,IDR Bradshaw,0,0,,,,,,"",""
ball,1,10.4,Australia,SM Katich,RT Ponting,IDR Bradshaw,0,0,,,,,,"",""
ball,1,10.5,Australia,SM Katich,RT Ponting,IDR Bradshaw,0,0,,,,,,"",""
ball,1,10.6,Australia,SM Katich,RT Ponting,IDR Bradshaw,1,0,,,,,,"",""
ball,1,11.1,Australia,SM Katich,RT Ponting,JE Taylor,0,0,,,,,,"",""
ball,1,11.2,Australia,SM Katich,RT Ponting,JE Taylor,0,0,,,,,,"",""
ball,1,11.3,Australia,SM Katich,RT Ponting,JE Taylor,1,0,,,,,,"",""
ball,1,11.4,Australia,RT Ponting,SM Katich,JE Taylor,1,0,,,,,,"",""
ball,1,11.5,Australia,SM Katich,RT Ponting,JE Taylor,1,0,,,,,,"",""
ball,1,11.6,Australia,RT Ponting,SM Katich,JE Taylor,0,0,,,,,,"",""
ball,1,12.1,Australia,SM Katich,RT Ponting,IDR Bradshaw,0,0,,,,,,"",""
ball,1,12.2,Australia,SM Katich,RT Ponting,IDR Bradshaw,1,0,,,,,,"",""
ball,1,12.3,Australia,RT Ponting,SM Katich,IDR Bradshaw,0,0,,,,,,"",""
ball,1,12.4,Australia,RT Ponting,SM Katich,IDR Bradshaw,1,0,,,,,,"",""
ball,1,12.5,Australia,SM Katich,RT Ponting,IDR Bradshaw,0,0,,,,,,"",""
ball,1,12.6,Australia,SM Katich,RT Ponting,IDR Bradshaw,0,0,,,,,,"",""
ball,1,13.1,Australia,RT Ponting,SM Katich,JE Taylor,0,0,,,,,,"",""
ball,1,13.2,Australia,RT Ponting,SM Katich,JE Taylor,0,0,,,,,,lbw,RT Ponting
ball,1,13.3,Australia,DR Martyn,SM Katich,JE Taylor,0,0,,,,,,"",""
ball,1,13.4,Australia,DR Martyn,SM Katich,JE Taylor,0,0,,,,,,"",""
ball,1,13.5,Australia,DR Martyn,SM Katich,JE Taylor,0,0,,,,,,"",""
ball,1,13.6,Australia,DR Martyn,SM Katich,JE Taylor,0,0,,,,,,"",""
ball,1,14.1,Australia,SM Katich,DR Martyn,IDR Bradshaw,1,0,,,,,,"",""
ball,1,14.2,Australia,DR Martyn,SM Katich,IDR Bradshaw,0,0,,,,,,"",""
ball,1,14.3,Australia,DR Martyn,SM Katich,IDR Bradshaw,4,0,,,,,,"",""
ball,1,14.4,Australia,DR Martyn,SM Katich,IDR Bradshaw,0,0,,,,,,"",""
ball,1,14.5,Australia,DR Martyn,SM Katich,IDR Bradshaw,1,0,,,,,,"",""
ball,1,14.6,Australia,SM Katich,DR Martyn,IDR Bradshaw,0,0,,,,,,"",""
ball,1,15.1,Australia,DR Martyn,SM Katich,JE Taylor,0,0,,,,,,"",""
ball,1,15.2,Australia,DR Martyn,SM Katich,JE Taylor,0,0,,,,,,"",""
ball,1,15.3,Australia,DR Martyn,SM Katich,JE Taylor,2,0,,,,,,"",""
ball,1,15.4,Australia,DR Martyn,SM Katich,JE Taylor,0,0,,,,,,"",""
ball,1,15.5,Australia,DR Martyn,SM Katich,JE Taylor,0,0,,,,,,"",""
ball,1,15.6,Australia,DR Martyn,SM Katich,JE Taylor,1,0,,,,,,"",""
ball,1,16.1,Australia,DR Martyn,SM Katich,DR Smith,0,0,,,,,,"",""
ball,1,16.2,Australia,DR Martyn,SM Katich,DR Smith,1,0,,,,,,"",""
ball,1,16.3,Australia,SM Katich,DR Martyn,DR Smith,0,0,,,,,,"",""
ball,1,16.4,Australia,SM Katich,DR Martyn,DR Smith,1,0,,,,,,"",""
ball,1,16.5,Australia,DR Martyn,SM Katich,DR Smith,0,0,,,,,,"",""
ball,1,16.6,Australia,DR Martyn,SM Katich,DR Smith,0,0,,,,,,"",""
ball,1,17.1,Australia,SM Katich,DR Martyn,JE Taylor,1,0,,,,,,"",""
ball,1,17.2,Australia,DR Martyn,SM Katich,JE Taylor,2,0,,,,,,"",""
ball,1,17.3,Australia,DR Martyn,SM Katich,JE Taylor,0,0,,,,,,"",""
ball,1,17.4,Australia,DR Martyn,SM Katich,JE Taylor,0,0,,,,,,"",""
ball,1,17.5,Australia,DR Martyn,SM Katich,JE Taylor,0,0,,,,,,"",""
ball,1,17.6,Australia,DR Martyn,SM Katich,JE Taylor,4,0,,,,,,"",""
ball,1,18.1,Australia,SM Katich,DR Martyn,DR Smith,0,0,,,,,,"",""
ball,1,18.2,Australia,SM Katich,DR Martyn,DR Smith,0,0,,,,,,"",""
ball,1,18.3,Australia,SM Katich,DR Martyn,DR Smith,0,0,,,,,,"",""
ball,1,18.4,Australia,SM Katich,DR Martyn,DR Smith,2,0,,,,,,"",""
ball,1,18.5,Australia,SM Katich,DR Martyn,DR Smith,4,0,,,,,,"",""
ball,1,18.6,Australia,SM Katich,DR Martyn,DR Smith,0,0,,,,,,"",""
ball,1,19.1,Australia,DR Martyn,SM Katich,JE Taylor,0,0,,,,,,"",""
ball,1,19.2,Australia,DR Martyn,SM Katich,JE Taylor,0,0,,,,,,"",""
ball,1,19.3,Australia,DR Martyn,SM Katich,JE Taylor,0,0,,,,,,"",""
ball,1,19.4,Australia,DR Martyn,SM Katich,JE Taylor,1,0,,,,,,"",""
ball,1,19.5,Australia,SM Katich,DR Martyn,JE Taylor,0,1,,,,1,,"",""
ball,1,19.6,Australia,DR Martyn,SM Katich,JE Taylor,0,0,,,,,,"",""
ball,1,20.1,Australia,SM Katich,DR Martyn,DJ Bravo,0,1,,,,1,,"",""
ball,1,20.2,Australia,DR Martyn,SM Katich,DJ Bravo,1,0,,,,,,"",""
ball,1,20.3,Australia,SM Katich,DR Martyn,DJ Bravo,6,0,,,,,,"",""
ball,1,20.4,Australia,SM Katich,DR Martyn,DJ Bravo,0,0,,,,,,"",""
ball,1,20.5,Australia,SM Katich,DR Martyn,DJ Bravo,0,0,,,,,,"",""
ball,1,20.6,Australia,SM Katich,DR Martyn,DJ Bravo,0,0,,,,,,"",""
ball,1,21.1,Australia,DR Martyn,SM Katich,JE Taylor,0,0,,,,,,"",""
ball,1,21.2,Australia,DR Martyn,SM Katich,JE Taylor,4,0,,,,,,"",""
ball,1,21.3,Australia,DR Martyn,SM Katich,JE Taylor,1,0,,,,,,"",""
ball,1,21.4,Australia,SM Katich,DR Martyn,JE Taylor,1,0,,,,,,"",""
ball,1,21.5,Australia,DR Martyn,SM Katich,JE Taylor,0,0,,,,,,"",""
ball,1,21.6,Australia,DR Martyn,SM Katich,JE Taylor,0,0,,,,,,"",""
ball,1,22.1,Australia,SM Katich,DR Martyn,DJ Bravo,0,0,,,,,,"",""
ball,1,22.2,Australia,SM Katich,DR Martyn,DJ Bravo,1,0,,,,,,"",""
ball,1,22.3,Australia,DR Martyn,SM Katich,DJ Bravo,0,0,,,,,,"",""
ball,1,22.4,Australia,DR Martyn,SM Katich,DJ Bravo,0,0,,,,,,"",""
ball,1,22.5,Australia,DR Martyn,SM Katich,DJ Bravo,1,0,,,,,,"",""
ball,1,22.6,Australia,SM Katich,DR Martyn,DJ Bravo,0,0,,,,,,"",""
ball,1,23.1,Australia,DR Martyn,SM Katich,CH Gayle,1,0,,,,,,"",""
ball,1,23.2,Australia,SM Katich,DR Martyn,CH Gayle,0,0,,,,,,"",""
ball,1,23.3,Australia,SM Katich,DR Martyn,CH Gayle,0,0,,,,,,"",""
ball,1,23.4,Australia,SM Katich,DR Martyn,CH Gayle,0,0,,,,,,caught,SM Katich
ball,1,23.5,Australia,DR Martyn,A Symonds,CH Gayle,0,0,,,,,,"",""
ball,1,23.6,Australia,DR Martyn,A Symonds,CH Gayle,0,0,,,,,,"",""
ball,1,24.1,Australia,A Symonds,DR Martyn,DJ Bravo,0,0,,,,,,"",""
ball,1,24.2,Australia,A Symonds,DR Martyn,DJ Bravo,0,0,,,,,,"",""
ball,1,24.3,Australia,A Symonds,DR Martyn,DJ Bravo,0,0,,,,,,"",""
ball,1,24.4,Australia,A Symonds,DR Martyn,DJ Bravo,0,0,,,,,,"",""
ball,1,24.5,Australia,A Symonds,DR Martyn,DJ Bravo,0,0,,,,,,"",""
ball,1,24.6,Australia,A Symonds,DR Martyn,DJ Bravo,0,1,,,,1,,"",""
ball,1,25.1,Australia,A Symonds,DR Martyn,CH Gayle,0,0,,,,,,"",""
ball,1,25.2,Australia,A Symonds,DR Martyn,CH Gayle,0,1,1,,,,,"",""
ball,1,25.3,Australia,A Symonds,DR Martyn,CH Gayle,0,0,,,,,,"",""
ball,1,25.4,Australia,A Symonds,DR Martyn,CH Gayle,0,0,,,,,,"",""
ball,1,25.5,Australia,A Symonds,DR Martyn,CH Gayle,0,0,,,,,,"",""
ball,1,25.6,Australia,A Symonds,DR Martyn,CH Gayle,1,0,,,,,,"",""
ball,1,25.7,Australia,DR Martyn,A Symonds,CH Gayle,0,0,,,,,,"",""
ball,1,26.1,Australia,A Symonds,DR Martyn,DJ Bravo,0,0,,,,,,"",""
ball,1,26.2,Australia,A Symonds,DR Martyn,DJ Bravo,1,0,,,,,,"",""
ball,1,26.3,Australia,DR Martyn,A Symonds,DJ Bravo,0,0,,,,,,"",""
ball,1,26.4,Australia,DR Martyn,A Symonds,DJ Bravo,1,0,,,,,,"",""
ball,1,26.5,Australia,A Symonds,DR Martyn,DJ Bravo,0,0,,,,,,"",""
ball,1,26.6,Australia,A Symonds,DR Martyn,DJ Bravo,1,0,,,,,,"",""
ball,1,27.1,Australia,A Symonds,DR Martyn,CH Gayle,0,0,,,,,,"",""
ball,1,27.2,Australia,A Symonds,DR Martyn,CH Gayle,1,0,,,,,,"",""
ball,1,27.3,Australia,DR Martyn,A Symonds,CH Gayle,1,0,,,,,,"",""
ball,1,27.4,Australia,A Symonds,DR Martyn,CH Gayle,1,0,,,,,,"",""
ball,1,27.5,Australia,DR Martyn,A Symonds,CH Gayle,1,0,,,,,,"",""
ball,1,27.6,Australia,A Symonds,DR Martyn,CH Gayle,1,0,,,,,,"",""
ball,1,28.1,Australia,A Symonds,DR Martyn,DJ Bravo,0,0,,,,,,"",""
ball,1,28.2,Australia,A Symonds,DR Martyn,DJ Bravo,1,0,,,,,,"",""
ball,1,28.3,Australia,DR Martyn,A Symonds,DJ Bravo,4,0,,,,,,"",""
ball,1,28.4,Australia,DR Martyn,A Symonds,DJ Bravo,0,0,,,,,,"",""
ball,1,28.5,Australia,DR Martyn,A Symonds,DJ Bravo,0,0,,,,,,"",""
ball,1,28.6,Australia,DR Martyn,A Symonds,DJ Bravo,0,1,1,,,,,"",""
ball,1,28.7,Australia,DR Martyn,A Symonds,DJ Bravo,0,0,,,,,,"",""
ball,1,29.1,Australia,A Symonds,DR Martyn,CH Gayle,0,0,,,,,,"",""
ball,1,29.2,Australia,A Symonds,DR Martyn,CH Gayle,2,0,,,,,,"",""
ball,1,29.3,Australia,A Symonds,DR Martyn,CH Gayle,0,0,,,,,,"",""
ball,1,29.4,Australia,A Symonds,DR Martyn,CH Gayle,0,0,,,,,,"",""
ball,1,29.5,Australia,A Symonds,DR Martyn,CH Gayle,0,0,,,,,,"",""
ball,1,29.6,Australia,A Symonds,DR Martyn,CH Gayle,0,0,,,,,,"",""
ball,1,30.1,Australia,DR Martyn,A Symonds,JE Taylor,0,0,,,,,,"",""
ball,1,30.2,Australia,DR Martyn,A Symonds,JE Taylor,1,0,,,,,,"",""
ball,1,30.3,Australia,A Symonds,DR Martyn,JE Taylor,1,0,,,,,,"",""
ball,1,30.4,Australia,DR Martyn,A Symonds,JE Taylor,1,0,,,,,,"",""
ball,1,30.5,Australia,A Symonds,DR Martyn,JE Taylor,1,0,,,,,,"",""
ball,1,30.6,Australia,DR Martyn,A Symonds,JE Taylor,1,0,,,,,,"",""
ball,1,31.1,Australia,DR Martyn,A Symonds,CH Gayle,1,0,,,,,,"",""
ball,1,31.2,Australia,A Symonds,DR Martyn,CH Gayle,0,0,,,,,,"",""
ball,1,31.3,Australia,A Symonds,DR Martyn,CH Gayle,1,0,,,,,,"",""
ball,1,31.4,Australia,DR Martyn,A Symonds,CH Gayle,0,0,,,,,,"",""
ball,1,31.5,Australia,DR Martyn,A Symonds,CH Gayle,4,0,,,,,,"",""
ball,1,31.6,Australia,DR Martyn,A Symonds,CH Gayle,0,0,,,,,,"",""
ball,1,32.1,Australia,A Symonds,DR Martyn,JE Taylor,0,0,,,,,,"",""
ball,1,32.2,Australia,A Symonds,DR Martyn,JE Taylor,1,0,,,,,,"",""
ball,1,32.3,Australia,DR Martyn,A Symonds,JE Taylor,1,0,,,,,,"",""
ball,1,32.4,Australia,A Symonds,DR Martyn,JE Taylor,1,0,,,,,,"",""
ball,1,32.5,Australia,DR Martyn,A Symonds,JE Taylor,0,0,,,,,,"",""
ball,1,32.6,Australia,DR Martyn,A Symonds,JE Taylor,0,0,,,,,,"",""
ball,1,33.1,Australia,A Symonds,DR Martyn,DJ Bravo,0,0,,,,,,"",""
ball,1,33.2,Australia,A Symonds,DR Martyn,DJ Bravo,0,0,,,,,,"",""
ball,1,33.3,Australia,A Symonds,DR Martyn,DJ Bravo,1,0,,,,,,"",""
ball,1,33.4,Australia,DR Martyn,A Symonds,DJ Bravo,0,1,1,,,,,"",""
ball,1,33.5,Australia,DR Martyn,A Symonds,DJ Bravo,1,0,,,,,,"",""
ball,1,33.6,Australia,A Symonds,DR Martyn,DJ Bravo,1,0,,,,,,"",""
ball,1,33.7,Australia,DR Martyn,A Symonds,DJ Bravo,1,0,,,,,,"",""
ball,1,34.1,Australia,DR Martyn,A Symonds,JE Taylor,0,0,,,,,,"",""
ball,1,34.2,Australia,DR Martyn,A Symonds,JE Taylor,1,0,,,,,,"",""
ball,1,34.3,Australia,A Symonds,DR Martyn,JE Taylor,1,0,,,,,,"",""
ball,1,34.4,Australia,DR Martyn,A Symonds,JE Taylor,0,0,,,,,,"",""
ball,1,34.5,Australia,DR Martyn,A Symonds,JE Taylor,1,0,,,,,,"",""
ball,1,34.6,Australia,A Symonds,DR Martyn,JE Taylor,0,0,,,,,,"",""
ball,1,35.1,Australia,DR Martyn,A Symonds,CH Gayle,3,0,,,,,,"",""
ball,1,35.2,Australia,A Symonds,DR Martyn,CH Gayle,1,0,,,,,,"",""
ball,1,35.3,Australia,DR Martyn,A Symonds,CH Gayle,0,1,1,,,,,"",""
ball,1,35.4,Australia,DR Martyn,A Symonds,CH Gayle,0,0,,,,,,"",""
ball,1,35.5,Australia,DR Martyn,A Symonds,CH Gayle,0,0,,,,,,"",""
ball,1,35.6,Australia,DR Martyn,A Symonds,CH Gayle,0,0,,,,,,"",""
ball,1,35.7,Australia,DR Martyn,A Symonds,CH Gayle,1,0,,,,,,"",""
ball,1,36.1,Australia,DR Martyn,A Symonds,DJ Bravo,1,0,,,,,,"",""
ball,1,36.2,Australia,A Symonds,DR Martyn,DJ Bravo,6,0,,,,,,"",""
ball,1,36.3,Australia,A Symonds,DR Martyn,DJ Bravo,4,0,,,,,,"",""
ball,1,36.4,Australia,A Symonds,DR Martyn,DJ Bravo,2,0,,,,,,"",""
ball,1,36.5,Australia,A Symonds,DR Martyn,DJ Bravo,1,0,,,,,,"",""
ball,1,36.6,Australia,DR Martyn,A Symonds,DJ Bravo,1,0,,,,,,"",""
ball,1,37.1,Australia,DR Martyn,A Symonds,CH Gayle,1,0,,,,,,"",""
ball,1,37.2,Australia,A Symonds,DR Martyn,CH Gayle,1,0,,,,,,"",""
ball,1,37.3,Australia,DR Martyn,A Symonds,CH Gayle,1,0,,,,,,"",""
ball,1,37.4,Australia,A Symonds,DR Martyn,CH Gayle,6,0,,,,,,"",""
ball,1,37.5,Australia,A Symonds,DR Martyn,CH Gayle,1,0,,,,,,"",""
ball,1,37.6,Australia,DR Martyn,A Symonds,CH Gayle,0,0,,,,,,"",""
ball,1,38.1,Australia,A Symonds,DR Martyn,IDR Bradshaw,1,0,,,,,,"",""
ball,1,38.2,Australia,DR Martyn,A Symonds,IDR Bradshaw,0,0,,,,,,caught,DR Martyn
ball,1,38.3,Australia,MJ Clarke,A Symonds,IDR Bradshaw,0,0,,,,,,"",""
ball,1,38.4,Australia,MJ Clarke,A Symonds,IDR Bradshaw,1,0,,,,,,"",""
ball,1,38.5,Australia,A Symonds,MJ Clarke,IDR Bradshaw,4,0,,,,,,"",""
ball,1,38.6,Australia,A Symonds,MJ Clarke,IDR Bradshaw,1,0,,,,,,"",""
ball,1,39.1,Australia,A Symonds,MJ Clarke,RR Sarwan,2,0,,,,,,"",""
ball,1,39.2,Australia,A Symonds,MJ Clarke,RR Sarwan,1,0,,,,,,"",""
ball,1,39.3,Australia,MJ Clarke,A Symonds,RR Sarwan,1,0,,,,,,"",""
ball,1,39.4,Australia,A Symonds,MJ Clarke,RR Sarwan,0,0,,,,,,"",""
ball,1,39.5,Australia,A Symonds,MJ Clarke,RR Sarwan,1,0,,,,,,"",""
ball,1,39.6,Australia,MJ Clarke,A Symonds,RR Sarwan,1,0,,,,,,"",""
ball,1,40.1,Australia,MJ Clarke,A Symonds,IDR Bradshaw,2,0,,,,,,"",""
ball,1,40.2,Australia,MJ Clarke,A Symonds,IDR Bradshaw,1,0,,,,,,"",""
ball,1,40.3,Australia,A Symonds,MJ Clarke,IDR Bradshaw,1,0,,,,,,"",""
ball,1,40.4,Australia,MJ Clarke,A Symonds,IDR Bradshaw,1,0,,,,,,"",""
ball,1,40.5,Australia,A Symonds,MJ Clarke,IDR Bradshaw,0,0,,,,,,"",""
ball,1,40.6,Australia,A Symonds,MJ Clarke,IDR Bradshaw,2,0,,,,,,"",""
ball,1,41.1,Australia,MJ Clarke,A Symonds,RR Sarwan,0,0,,,,,,"",""
ball,1,41.2,Australia,MJ Clarke,A Symonds,RR Sarwan,1,0,,,,,,"",""
ball,1,41.3,Australia,A Symonds,MJ Clarke,RR Sarwan,0,0,,,,,,caught,A Symonds
ball,1,41.4,Australia,MJ Clarke,MEK Hussey,RR Sarwan,0,0,,,,,,"",""
ball,1,41.5,Australia,MJ Clarke,MEK Hussey,RR Sarwan,1,0,,,,,,"",""
ball,1,41.6,Australia,MEK Hussey,MJ Clarke,RR Sarwan,0,1,,,,1,,"",""
ball,1,42.1,Australia,MEK Hussey,MJ Clarke,DR Smith,0,0,,,,,,"",""
ball,1,42.2,Australia,MEK Hussey,MJ Clarke,DR Smith,0,0,,,,,,"",""
ball,1,42.3,Australia,MEK Hussey,MJ Clarke,DR Smith,1,0,,,,,,"",""
ball,1,42.4,Australia,MJ Clarke,MEK Hussey,DR Smith,2,0,,,,,,"",""
ball,1,42.5,Australia,MJ Clarke,MEK Hussey,DR Smith,0,1,1,,,,,"",""
ball,1,42.6,Australia,MJ Clarke,MEK Hussey,DR Smith,1,0,,,,,,"",""
ball,1,42.7,Australia,MEK Hussey,MJ Clarke,DR Smith,1,0,,,,,,"",""
ball,1,43.1,Australia,MEK Hussey,MJ Clarke,CH Gayle,1,0,,,,,,"",""
ball,1,43.2,Australia,MJ Clarke,MEK Hussey,CH Gayle,2,0,,,,,,"",""
ball,1,43.3,Australia,MJ Clarke,MEK Hussey,CH Gayle,0,1,1,,,,,"",""
ball,1,43.4,Australia,MJ Clarke,MEK Hussey,CH Gayle,2,0,,,,,,"",""
ball,1,43.5,Australia,MJ Clarke,MEK Hussey,CH Gayle,0,0,,,,,,"",""
ball,1,43.6,Australia,MJ Clarke,MEK Hussey,CH Gayle,0,0,,,,,,"",""
ball,1,43.7,Australia,MJ Clarke,MEK Hussey,CH Gayle,2,0,,,,,,"",""
ball,1,44.1,Australia,MEK Hussey,MJ Clarke,RR Sarwan,0,0,,,,,,"",""
ball,1,44.2,Australia,MEK Hussey,MJ Clarke,RR Sarwan,1,0,,,,,,"",""
ball,1,44.3,Australia,MJ Clarke,MEK Hussey,RR Sarwan,1,0,,,,,,"",""
ball,1,44.4,Australia,MEK Hussey,MJ Clarke,RR Sarwan,1,0,,,,,,"",""
ball,1,44.5,Australia,MJ Clarke,MEK Hussey,RR Sarwan,1,0,,,,,,"",""
ball,1,44.6,Australia,MEK Hussey,MJ Clarke,RR Sarwan,1,0,,,,,,"",""
ball,1,45.1,Australia,MEK Hussey,MJ Clarke,CH Gayle,1,0,,,,,,"",""
ball,1,45.2,Australia,MJ Clarke,MEK Hussey,CH Gayle,1,0,,,,,,"",""
ball,1,45.3,Australia,MEK Hussey,MJ Clarke,CH Gayle,1,0,,,,,,"",""
ball,1,45.4,Australia,MJ Clarke,MEK Hussey,CH Gayle,1,0,,,,,,"",""
ball,1,45.5,Australia,MEK Hussey,MJ Clarke,CH Gayle,1,0,,,,,,"",""
ball,1,45.6,Australia,MJ Clarke,MEK Hussey,CH Gayle,1,0,,,,,,"",""
ball,1,46.1,Australia,MJ Clarke,MEK Hussey,RR Sarwan,0,0,,,,,,caught,MJ Clarke
ball,1,46.2,Australia,MEK Hussey,BJ Haddin,RR Sarwan,0,0,,,,,,"",""
ball,1,46.3,Australia,MEK Hussey,BJ Haddin,RR Sarwan,0,0,,,,,,"",""
ball,1,46.4,Australia,MEK Hussey,BJ Haddin,RR Sarwan,1,0,,,,,,"",""
ball,1,46.5,Australia,BJ Haddin,MEK Hussey,RR Sarwan,1,0,,,,,,"",""
ball,1,46.6,Australia,MEK Hussey,BJ Haddin,RR Sarwan,6,0,,,,,,"",""
ball,1,47.1,Australia,BJ Haddin,MEK Hussey,DJ Bravo,1,0,,,,,,"",""
ball,1,47.2,Australia,MEK Hussey,BJ Haddin,DJ Bravo,1,0,,,,,,"",""
ball,1,47.3,Australia,BJ Haddin,MEK Hussey,DJ Bravo,6,0,,,,,,"",""
ball,1,47.4,Australia,BJ Haddin,MEK Hussey,DJ Bravo,2,0,,,,,,"",""
ball,1,47.5,Australia,BJ Haddin,MEK Hussey,DJ Bravo,1,0,,,,,,"",""
ball,1,47.6,Australia,MEK Hussey,BJ Haddin,DJ Bravo,0,2,2,,,,,"",""
ball,1,47.7,Australia,BJ Haddin,MEK Hussey,DJ Bravo,1,0,,,,,,"",""
ball,1,48.1,Australia,BJ Haddin,MEK Hussey,JE Taylor,1,0,,,,,,"",""
ball,1,48.2,Australia,MEK Hussey,BJ Haddin,JE Taylor,1,0,,,,,,"",""
ball,1,48.3,Australia,BJ Haddin,MEK Hussey,JE Taylor,1,0,,,,,,"",""
ball,1,48.4,Australia,MEK Hussey,BJ Haddin,JE Taylor,1,0,,,,,,"",""
ball,1,48.5,Australia,BJ Haddin,MEK Hussey,JE Taylor,0,0,,,,,,"",""
ball,1,48.6,Australia,BJ Haddin,MEK Hussey,JE Taylor,1,0,,,,,,"",""
ball,1,49.1,Australia,BJ Haddin,MEK Hussey,DJ Bravo,1,0,,,,,,"",""
ball,1,49.2,Australia,MEK Hussey,BJ Haddin,DJ Bravo,4,0,,,,,,"",""
ball,1,49.3,Australia,MEK Hussey,BJ Haddin,DJ Bravo,2,0,,,,,,"",""
ball,1,49.4,Australia,MEK Hussey,BJ Haddin,DJ Bravo,1,0,,,,,,"",""
ball,1,49.5,Australia,BJ Haddin,MEK Hussey,DJ Bravo,1,0,,,,,,"",""
ball,1,49.6,Australia,MEK Hussey,BJ Haddin,DJ Bravo,4,0,,,,,,"",""
ball,2,0.1,West Indies,CH Gayle,S Chanderpaul,B Lee,0,0,,,,,,lbw,CH Gayle
ball,2,0.2,West Indies,RS Morton,S Chanderpaul,B Lee,0,1,,1,,,,"",""
ball,2,0.3,West Indies,RS Morton,S Chanderpaul,B Lee,0,0,,,,,,"",""
ball,2,0.4,West Indies,RS Morton,S Chanderpaul,B Lee,0,0,,,,,,"",""
ball,2,0.5,West Indies,RS Morton,S Chanderpaul,B Lee,0,0,,,,,,"",""
ball,2,0.6,West Indies,RS Morton,S Chanderpaul,B Lee,0,0,,,,,,"",""
ball,2,0.7,West Indies,RS Morton,S Chanderpaul,B Lee,0,0,,,,,,"",""
ball,2,1.1,West Indies,S Chanderpaul,RS Morton,GD McGrath,0,0,,,,,,"",""
ball,2,1.2,West Indies,S Chanderpaul,RS Morton,GD McGrath,1,0,,,,,,"",""
ball,2,1.3,West Indies,RS Morton,S Chanderpaul,GD McGrath,0,0,,,,,,"",""
ball,2,1.4,West Indies,RS Morton,S Chanderpaul,GD McGrath,0,1,1,,,,,"",""
ball,2,1.5,West Indies,RS Morton,S Chanderpaul,GD McGrath,0,0,,,,,,"",""
ball,2,1.6,West Indies,RS Morton,S Chanderpaul,GD McGrath,0,0,,,,,,"",""
ball,2,1.7,West Indies,RS Morton,S Chanderpaul,GD McGrath,0,0,,,,,,"",""
ball,2,2.1,West Indies,S Chanderpaul,RS Morton,B Lee,0,0,,,,,,"",""
ball,2,2.2,West Indies,S Chanderpaul,RS Morton,B Lee,0,0,,,,,,"",""
ball,2,2.3,West Indies,S Chanderpaul,RS Morton,B Lee,0,0,,,,,,"",""
ball,2,2.4,West Indies,S Chanderpaul,RS Morton,B Lee,0,0,,,,,,"",""
ball,2,2.5,West Indies,S Chanderpaul,RS Morton,B Lee,1,0,,,,,,"",""
ball,2,2.6,West Indies,RS Morton,S Chanderpaul,B Lee,0,0,,,,,,"",""
ball,2,3.1,West Indies,S Chanderpaul,RS Morton,GD McGrath,0,0,,,,,,"",""
ball,2,3.2,West Indies,S Chanderpaul,RS Morton,GD McGrath,1,0,,,,,,"",""
ball,2,3.3,West Indies,RS Morton,S Chanderpaul,GD McGrath,0,0,,,,,,"",""
ball,2,3.4,West Indies,RS Morton,S Chanderpaul,GD McGrath,0,0,,,,,,"",""
ball,2,3.5,West Indies,RS Morton,S Chanderpaul,GD McGrath,0,0,,,,,,"",""
ball,2,3.6,West Indies,RS Morton,S Chanderpaul,GD McGrath,0,0,,,,,,"",""
ball,2,4.1,West Indies,S Chanderpaul,RS Morton,B Lee,4,0,,,,,,"",""
ball,2,4.2,West Indies,S Chanderpaul,RS Morton,B Lee,0,0,,,,,,"",""
ball,2,4.3,West Indies,S Chanderpaul,RS Morton,B Lee,0,0,,,,,,"",""
ball,2,4.4,West Indies,S Chanderpaul,RS Morton,B Lee,0,0,,,,,,"",""
ball,2,4.5,West Indies,S Chanderpaul,RS Morton,B Lee,0,1,,1,,,,"",""
ball,2,4.6,West Indies,S Chanderpaul,RS Morton,B Lee,0,0,,,,,,"",""
ball,2,4.7,West Indies,S Chanderpaul,RS Morton,B Lee,0,0,,,,,,"",""
ball,2,5.1,West Indies,RS Morton,S Chanderpaul,GD McGrath,0,0,,,,,,"",""
ball,2,5.2,West Indies,RS Morton,S Chanderpaul,GD McGrath,0,0,,,,,,"",""
ball,2,5.3,West Indies,RS Morton,S Chanderpaul,GD McGrath,0,0,,,,,,"",""
ball,2,5.4,West Indies,RS Morton,S Chanderpaul,GD McGrath,0,0,,,,,,"",""
ball,2,5.5,West Indies,RS Morton,S Chanderpaul,GD McGrath,0,0,,,,,,"",""
ball,2,5.6,West Indies,RS Morton,S Chanderpaul,GD McGrath,0,0,,,,,,"",""
ball,2,6.1,West Indies,S Chanderpaul,RS Morton,B Lee,0,0,,,,,,"",""
ball,2,6.2,West Indies,S Chanderpaul,RS Morton,B Lee,0,1,,1,,,,"",""
ball,2,6.3,West Indies,S Chanderpaul,RS Morton,B Lee,0,0,,,,,,"",""
ball,2,6.4,West Indies,S Chanderpaul,RS Morton,B Lee,0,0,,,,,,"",""
ball,2,6.5,West Indies,S Chanderpaul,RS Morton,B Lee,1,0,,,,,,"",""
ball,2,6.6,West Indies,RS Morton,S Chanderpaul,B Lee,0,0,,,,,,"",""
ball,2,6.7,West Indies,RS Morton,S Chanderpaul,B Lee,0,0,,,,,,"",""
ball,2,7.1,West Indies,S Chanderpaul,RS Morton,NW Bracken,4,0,,,,,,"",""
ball,2,7.2,West Indies,S Chanderpaul,RS Morton,NW Bracken,0,0,,,,,,caught,S Chanderpaul
ball,2,7.3,West Indies,RS Morton,RR Sarwan,NW Bracken,0,0,,,,,,"",""
ball,2,7.4,West Indies,RS Morton,RR Sarwan,NW Bracken,0,0,,,,,,"",""
ball,2,7.5,West Indies,RS Morton,RR Sarwan,NW Bracken,0,0,,,,,,"",""
ball,2,7.6,West Indies,RS Morton,RR Sarwan,NW Bracken,0,0,,,,,,"",""
ball,2,8.1,West Indies,RR Sarwan,RS Morton,GD McGrath,0,0,,,,,,"",""
ball,2,8.2,West Indies,RR Sarwan,RS Morton,GD McGrath,0,0,,,,,,"",""
ball,2,8.3,West Indies,RR Sarwan,RS Morton,GD McGrath,0,0,,,,,,"",""
ball,2,8.4,West Indies,RR Sarwan,RS Morton,GD McGrath,2,0,,,,,,"",""
ball,2,8.5,West Indies,RR Sarwan,RS Morton,GD McGrath,0,0,,,,,,"",""
ball,2,8.6,West Indies,RR Sarwan,RS Morton,GD McGrath,0,0,,,,,,"",""
ball,2,9.1,West Indies,RS Morton,RR Sarwan,NW Bracken,0,0,,,,,,"",""
ball,2,9.2,West Indies,RS Morton,RR Sarwan,NW Bracken,0,1,,,,1,,"",""
ball,2,9.3,West Indies,RR Sarwan,RS Morton,NW Bracken,0,0,,,,,,"",""
ball,2,9.4,West Indies,RR Sarwan,RS Morton,NW Bracken,0,0,,,,,,"",""
ball,2,9.5,West Indies,RR Sarwan,RS Morton,NW Bracken,0,1,1,,,,,"",""
ball,2,9.6,West Indies,RS Morton,RR Sarwan,NW Bracken,0,0,,,,,,"",""
ball,2,9.7,West Indies,RS Morton,RR Sarwan,NW Bracken,0,0,,,,,,lbw,RS Morton
ball,2,10.1,West Indies,RR Sarwan,BC Lara,GD McGrath,0,0,,,,,,"",""
ball,2,10.2,West Indies,RR Sarwan,BC Lara,GD McGrath,0,0,,,,,,"",""
ball,2,10.3,West Indies,RR Sarwan,BC Lara,GD McGrath,0,0,,,,,,"",""
ball,2,10.4,West Indies,RR Sarwan,BC Lara,GD McGrath,0,0,,,,,,"",""
ball,2,10.5,West Indies,RR Sarwan,BC Lara,GD McGrath,0,0,,,,,,"",""
ball,2,10.6,West Indies,RR Sarwan,BC Lara,GD McGrath,0,0,,,,,,"",""
ball,2,11.1,West Indies,BC Lara,RR Sarwan,NW Bracken,0,0,,,,,,"",""
ball,2,11.2,West Indies,BC Lara,RR Sarwan,NW Bracken,0,0,,,,,,"",""
ball,2,11.3,West Indies,BC Lara,RR Sarwan,NW Bracken,4,0,,,,,,"",""
ball,2,11.4,West Indies,BC Lara,RR Sarwan,NW Bracken,0,0,,,,,,"",""
ball,2,11.5,West Indies,BC Lara,RR Sarwan,NW Bracken,0,0,,,,,,"",""
ball,2,11.6,West Indies,BC Lara,RR Sarwan,NW Bracken,0,0,,,,,,"",""
ball,2,12.1,West Indies,RR Sarwan,BC Lara,GD McGrath,0,0,,,,,,"",""
ball,2,12.2,West Indies,RR Sarwan,BC Lara,GD McGrath,0,1,,1,,,,"",""
ball,2,12.3,West Indies,RR Sarwan,BC Lara,GD McGrath,0,0,,,,,,"",""
ball,2,12.4,West Indies,RR Sarwan,BC Lara,GD McGrath,0,0,,,,,,"",""
ball,2,12.5,West Indies,RR Sarwan,BC Lara,GD McGrath,0,0,,,,,,"",""
ball,2,12.6,West Indies,RR Sarwan,BC Lara,GD McGrath,0,0,,,,,,"",""
ball,2,12.7,West Indies,RR Sarwan,BC Lara,GD McGrath,0,0,,,,,,"",""
ball,2,13.1,West Indies,BC Lara,RR Sarwan,NW Bracken,0,0,,,,,,"",""
ball,2,13.2,West Indies,BC Lara,RR Sarwan,NW Bracken,0,0,,,,,,"",""
ball,2,13.3,West Indies,BC Lara,RR Sarwan,NW Bracken,0,0,,,,,,"",""
ball,2,13.4,West Indies,BC Lara,RR Sarwan,NW Bracken,0,1,,,,1,,"",""
ball,2,13.5,West Indies,RR Sarwan,BC Lara,NW Bracken,0,0,,,,,,"",""
ball,2,13.6,West Indies,RR Sarwan,BC Lara,NW Bracken,1,0,,,,,,"",""
ball,2,14.1,West Indies,RR Sarwan,BC Lara,SR Watson,1,0,,,,,,"",""
ball,2,14.2,West Indies,BC Lara,RR Sarwan,SR Watson,0,0,,,,,,"",""
ball,2,14.3,West Indies,BC Lara,RR Sarwan,SR Watson,0,0,,,,,,"",""
ball,2,14.4,West Indies,BC Lara,RR Sarwan,SR Watson,0,0,,,,,,"",""
ball,2,14.5,West Indies,BC Lara,RR Sarwan,SR Watson,0,1,,1,,,,"",""
ball,2,14.6,West Indies,BC Lara,RR Sarwan,SR Watson,0,0,,,,,,"",""
ball,2,14.7,West Indies,BC Lara,RR Sarwan,SR Watson,0,1,,,,1,,"",""
ball,2,15.1,West Indies,BC Lara,RR Sarwan,NW Bracken,1,0,,,,,,"",""
ball,2,15.2,West Indies,RR Sarwan,BC Lara,NW Bracken,1,0,,,,,,"",""
ball,2,15.3,West Indies,BC Lara,RR Sarwan,NW Bracken,0,0,,,,,,caught,BC Lara
ball,2,15.4,West Indies,DJ Bravo,RR Sarwan,NW Bracken,0,0,,,,,,"",""
ball,2,15.5,West Indies,DJ Bravo,RR Sarwan,NW Bracken,0,0,,,,,,"",""
ball,2,15.6,West Indies,DJ Bravo,RR Sarwan,NW Bracken,0,0,,,,,,"",""
ball,2,16.1,West Indies,RR Sarwan,DJ Bravo,B Lee,1,0,,,,,,"",""
ball,2,16.2,West Indies,DJ Bravo,RR Sarwan,B Lee,1,0,,,,,,"",""
ball,2,16.3,West Indies,RR Sarwan,DJ Bravo,B Lee,0,0,,,,,,"",""
ball,2,16.4,West Indies,RR Sarwan,DJ Bravo,B Lee,1,0,,,,,,"",""
ball,2,16.5,West Indies,DJ Bravo,RR Sarwan,B Lee,1,0,,,,,,"",""
ball,2,16.6,West Indies,RR Sarwan,DJ Bravo,B Lee,0,0,,,,,,"",""
ball,2,17.1,West Indies,DJ Bravo,RR Sarwan,NW Bracken,0,0,,,,,,"",""
ball,2,17.2,West Indies,DJ Bravo,RR Sarwan,NW Bracken,0,0,,,,,,"",""
ball,2,17.3,West Indies,DJ Bravo,RR Sarwan,NW Bracken,0,0,,,,,,"",""
ball,2,17.4,West Indies,DJ Bravo,RR Sarwan,NW Bracken,1,0,,,,,,"",""
ball,2,17.5,West Indies,RR Sarwan,DJ Bravo,NW Bracken,0,0,,,,,,"",""
ball,2,17.6,West Indies,RR Sarwan,DJ Bravo,NW Bracken,0,0,,,,,,"",""
ball,2,18.1,West Indies,DJ Bravo,RR Sarwan,B Lee,1,0,,,,,,"",""
ball,2,18.2,West Indies,RR Sarwan,DJ Bravo,B Lee,0,0,,,,,,"",""
ball,2,18.3,West Indies,RR Sarwan,DJ Bravo,B Lee,0,0,,,,,,"",""
ball,2,18.4,West Indies,RR Sarwan,DJ Bravo,B Lee,0,0,,,,,,"",""
ball,2,18.5,West Indies,RR Sarwan,DJ Bravo,B Lee,4,0,,,,,,"",""
ball,2,18.6,West Indies,RR Sarwan,DJ Bravo,B Lee,4,0,,,,,,"",""
ball,2,19.1,West Indies,DJ Bravo,RR Sarwan,NW Bracken,0,0,,,,,,"",""
ball,2,19.2,West Indies,DJ Bravo,RR Sarwan,NW Bracken,1,0,,,,,,"",""
ball,2,19.3,West Indies,RR Sarwan,DJ Bravo,NW Bracken,1,0,,,,,,"",""
ball,2,19.4,West Indies,DJ Bravo,RR Sarwan,NW Bracken,0,0,,,,,,"",""
ball,2,19.5,West Indies,DJ Bravo,RR Sarwan,NW Bracken,0,0,,,,,,"",""
ball,2,19.6,West Indies,DJ Bravo,RR Sarwan,NW Bracken,1,0,,,,,,"",""
ball,2,20.1,West Indies,DJ Bravo,RR Sarwan,SR Watson,1,0,,,,,,"",""
ball,2,20.2,West Indies,RR Sarwan,DJ Bravo,SR Watson,0,0,,,,,,"",""
ball,2,20.3,West Indies,RR Sarwan,DJ Bravo,SR Watson,4,0,,,,,,"",""
ball,2,20.4,West Indies,RR Sarwan,DJ Bravo,SR Watson,0,0,,,,,,"",""
ball,2,20.5,West Indies,RR Sarwan,DJ Bravo,SR Watson,0,0,,,,,,"",""
ball,2,20.6,West Indies,RR Sarwan,DJ Bravo,SR Watson,0,0,,,,,,"",""
ball,2,21.1,West Indies,DJ Bravo,RR Sarwan,A Symonds,0,0,,,,,,"",""
ball,2,21.2,West Indies,DJ Bravo,RR Sarwan,A Symonds,0,0,,,,,,"",""
ball,2,21.3,West Indies,DJ Bravo,RR Sarwan,A Symonds,0,0,,,,,,"",""
ball,2,21.4,West Indies,DJ Bravo,RR Sarwan,A Symonds,0,0,,,,,,"",""
ball,2,21.5,West Indies,DJ Bravo,RR Sarwan,A Symonds,0,0,,,,,,"",""
ball,2,21.6,West Indies,DJ Bravo,RR Sarwan,A Symonds,1,0,,,,,,"",""
ball,2,22.1,West Indies,DJ Bravo,RR Sarwan,SR Watson,0,0,,,,,,caught,DJ Bravo
ball,2,22.2,West Indies,WW Hinds,RR Sarwan,SR Watson,0,0,,,,,,"",""
ball,2,22.3,West Indies,WW Hinds,RR Sarwan,SR Watson,0,1,,1,,,,"",""
ball,2,22.4,West Indies,WW Hinds,RR Sarwan,SR Watson,0,0,,,,,,"",""
ball,2,22.5,West Indies,WW Hinds,RR Sarwan,SR Watson,0,0,,,,,,"",""
ball,2,22.6,West Indies,WW Hinds,RR Sarwan,SR Watson,0,0,,,,,,bowled,WW Hinds
ball,2,22.7,West Indies,DR Smith,RR Sarwan,SR Watson,0,0,,,,,,"",""
ball,2,23.1,West Indies,RR Sarwan,DR Smith,A Symonds,0,0,,,,,,"",""
ball,2,23.2,West Indies,RR Sarwan,DR Smith,A Symonds,0,1,,,,1,,"",""
ball,2,23.3,West Indies,DR Smith,RR Sarwan,A Symonds,0,0,,,,,,"",""
ball,2,23.4,West Indies,DR Smith,RR Sarwan,A Symonds,0,0,,,,,,"",""
ball,2,23.5,West Indies,DR Smith,RR Sarwan,A Symonds,1,0,,,,,,"",""
ball,2,23.6,West Indies,RR Sarwan,DR Smith,A Symonds,1,0,,,,,,"",""
ball,2,24.1,West Indies,RR Sarwan,DR Smith,SR Watson,0,0,,,,,,"",""
ball,2,24.2,West Indies,RR Sarwan,DR Smith,SR Watson,0,0,,,,,,"",""
ball,2,24.3,West Indies,RR Sarwan,DR Smith,SR Watson,0,0,,,,,,"",""
ball,2,24.4,West Indies,RR Sarwan,DR Smith,SR Watson,4,0,,,,,,"",""
ball,2,24.5,West Indies,RR Sarwan,DR Smith,SR Watson,1,0,,,,,,"",""
ball,2,24.6,West Indies,DR Smith,RR Sarwan,SR Watson,0,0,,,,,,"",""
ball,2,25.1,West Indies,RR Sarwan,DR Smith,A Symonds,1,0,,,,,,"",""
ball,2,25.2,West Indies,DR Smith,RR Sarwan,A Symonds,4,0,,,,,,"",""
ball,2,25.3,West Indies,DR Smith,RR Sarwan,A Symonds,6,0,,,,,,"",""
ball,2,25.4,West Indies,DR Smith,RR Sarwan,A Symonds,1,0,,,,,,"",""
ball,2,25.5,West Indies,RR Sarwan,DR Smith,A Symonds,0,2,,,2,,,"",""
ball,2,25.6,West Indies,RR Sarwan,DR Smith,A Symonds,0,0,,,,,,"",""
ball,2,26.1,West Indies,DR Smith,RR Sarwan,SR Watson,0,0,,,,,,"",""
ball,2,26.2,West Indies,DR Smith,RR Sarwan,SR Watson,0,1,,,,1,,"",""
ball,2,26.3,West Indies,RR Sarwan,DR Smith,SR Watson,1,0,,,,,,"",""
ball,2,26.4,West Indies,DR Smith,RR Sarwan,SR Watson,1,0,,,,,,"",""
ball,2,26.5,West Indies,RR Sarwan,DR Smith,SR Watson,1,0,,,,,,"",""
ball,2,26.6,West Indies,DR Smith,RR Sarwan,SR Watson,6,0,,,,,,"",""
ball,2,27.1,West Indies,RR Sarwan,DR Smith,MJ Clarke,0,0,,,,,,"",""
ball,2,27.2,West Indies,RR Sarwan,DR Smith,MJ Clarke,1,0,,,,,,"",""
ball,2,27.3,West Indies,DR Smith,RR Sarwan,MJ Clarke,1,0,,,,,,"",""
ball,2,27.4,West Indies,RR Sarwan,DR Smith,MJ Clarke,0,0,,,,,,"",""
ball,2,27.5,West Indies,RR Sarwan,DR Smith,MJ Clarke,0,0,,,,,,"",""
ball,2,27.6,West Indies,RR Sarwan,DR Smith,MJ Clarke,1,0,,,,,,"",""
ball,2,28.1,West Indies,RR Sarwan,DR Smith,SR Watson,4,0,,,,,,"",""
ball,2,28.2,West Indies,RR Sarwan,DR Smith,SR Watson,0,1,1,,,,,"",""
ball,2,28.3,West Indies,RR Sarwan,DR Smith,SR Watson,0,0,,,,,,"",""
ball,2,28.4,West Indies,RR Sarwan,DR Smith,SR Watson,1,1,,1,,,,"",""
ball,2,28.5,West Indies,DR Smith,RR Sarwan,SR Watson,0,0,,,,,,"",""
ball,2,28.6,West Indies,DR Smith,RR Sarwan,SR Watson,0,0,,,,,,"",""
ball,2,28.7,West Indies,DR Smith,RR Sarwan,SR Watson,1,0,,,,,,"",""
ball,2,29.1,West Indies,DR Smith,RR Sarwan,MJ Clarke,0,0,,,,,,"",""
ball,2,29.2,West Indies,DR Smith,RR Sarwan,MJ Clarke,0,0,,,,,,"",""
ball,2,29.3,West Indies,DR Smith,RR Sarwan,MJ Clarke,0,0,,,,,,"",""
ball,2,29.4,West Indies,DR Smith,RR Sarwan,MJ Clarke,4,0,,,,,,"",""
ball,2,29.5,West Indies,DR Smith,RR Sarwan,MJ Clarke,1,0,,,,,,"",""
ball,2,29.6,West Indies,RR Sarwan,DR Smith,MJ Clarke,0,0,,,,,,"",""
ball,2,30.1,West Indies,DR Smith,RR Sarwan,B Lee,0,0,,,,,,"",""
ball,2,30.2,West Indies,DR Smith,RR Sarwan,B Lee,0,2,,,,2,,"",""
ball,2,30.3,West Indies,DR Smith,RR Sarwan,B Lee,0,0,,,,,,run out,RR Sarwan
ball,2,30.4,West Indies,DR Smith,CS Baugh,B Lee,0,0,,,,,,"",""
ball,2,30.5,West Indies,DR Smith,CS Baugh,B Lee,1,0,,,,,,"",""
ball,2,30.6,West Indies,CS Baugh,DR Smith,B Lee,1,0,,,,,,"",""
ball,2,31.1,West Indies,CS Baugh,DR Smith,MJ Clarke,1,0,,,,,,"",""
ball,2,31.2,West Indies,DR Smith,CS Baugh,MJ Clarke,0,0,,,,,,"",""
ball,2,31.3,West Indies,DR Smith,CS Baugh,MJ Clarke,2,0,,,,,,"",""
ball,2,31.4,West Indies,DR Smith,CS Baugh,MJ Clarke,1,0,,,,,,"",""
ball,2,31.5,West Indies,CS Baugh,DR Smith,MJ Clarke,0,0,,,,,,"",""
ball,2,31.6,West Indies,CS Baugh,DR Smith,MJ Clarke,0,0,,,,,,"",""
ball,2,32.1,West Indies,DR Smith,CS Baugh,B Lee,0,0,,,,,,caught,DR Smith
ball,2,32.2,West Indies,IDR Bradshaw,CS Baugh,B Lee,0,0,,,,,,"",""
ball,2,32.3,West Indies,IDR Bradshaw,CS Baugh,B Lee,0,0,,,,,,"",""
ball,2,32.4,West Indies,IDR Bradshaw,CS Baugh,B Lee,0,0,,,,,,caught,IDR Bradshaw
ball,2,32.5,West Indies,JE Taylor,CS Baugh,B Lee,0,0,,,,,,"",""
ball,2,32.6,West Indies,JE Taylor,CS Baugh,B Lee,0,0,,,,,,"",""
ball,2,33.1,West Indies,CS Baugh,JE Taylor,MJ Clarke,0,0,,,,,,"",""
ball,2,33.2,West Indies,CS Baugh,JE Taylor,MJ Clarke,0,0,,,,,,"",""
ball,2,33.3,West Indies,CS Baugh,JE Taylor,MJ Clarke,0,0,,,,,,"",""
ball,2,33.4,West Indies,CS Baugh,JE Taylor,MJ Clarke,0,0,,,,,,"",""
ball,2,33.5,West Indies,CS Baugh,JE Taylor,MJ Clarke,0,0,,,,,,"",""
ball,2,33.6,West Indies,CS Baugh,JE Taylor,MJ Clarke,1,0,,,,,,"",""
ball,2,34.1,West Indies,CS Baugh,JE Taylor,B Lee,0,0,,,,,,"",""
ball,2,34.2,West Indies,CS Baugh,JE Taylor,B Lee,0,0,,,,,,caught,CS Baugh
